-32768
-32768
-31519
-32768
32767
-32768
15037
32767
-32768
-32768
32767
-32768
-32768
32767
-32768
32767
32767
-32768
32767
-32768
32767
32767
32767
-10763
32767
-32768
32767
32767
-32768
-32768
-32768
-32768
25201
32767
2682
28552
32767
32767
32767
32767
32767
21817
32767
-32768
32767
32767
-32768
-32768
-32768
32767
-32768
-32768
-32768
32767
-32768
-32768
-32768
-32768
-32768
-32768
-22242
-32768
32767
-32768
32767
-32768
-32768
32767
-32768
-32768
32767
-32768
32767
32767
-32768
32767
32767
32767
32767
32767
32767
32767
-14550
32767
32767
-32768
32767
-32768
-14542
32767
-32768
-32768
32767
32767
32767
-23148
-32768
32767
20062
32767
32767
32767
32767
-32768
19256
-6932
32767
32767
32767
-32768
32767
-1788
-32768
32767
-32768
32767
-32768
-32768
-32768
-32768
32767
32767
-32768
-32768
32767
-32768
-32768
-32768
-18422
32767
-32768
32767
20265
-32768
32767
-32768
-17134
18896
-32768
-7850
-32768
32767
-32768
32767
-32768
32767
-32768
-32768
32767
-32768
32767
32767
-32768
-10046
-32768
32767
-32768
-32768
-32768
-32768
32767
-12349
-14347
14368
-8232
32767
32767
27178
-32768
-28262
-32768
5822
32767
32767
-32768
-32768
32767
-32768
-32768
-32768
-32768
32767
-32768
32767
32767
32767
32767
32767
10051
-32768
32767
-32768
32767
15335
4300
20651
-32768
32767
32767
-32768
-32768
32767
32767
-32768
32767
32767
-2038
23740
-32768
32767
-32768
32767
-32768
-32768
26713
-32768
-32768
-18000
-32768
32528
-32768
32767
-32768
32767
-32768
-32768
-32768
32767
32767
-32768
8327
-32768
5098
-32768
-32768
-32768
-32768
-32768
-32768
32767
32767
32767
32767
32767
32767
-32768
32767
-32768
32767
-32768
32767
32767
32767
32767
32767
32767
